tt0096933,2005,1,6.0
tt0361925,2005,1,1.0
tt0285531,2005,1,1.0
tt0297753,2005,3,8.0
tt0385278,2005,2,2.0
tt0250274,2005,2,8.0
tt0246677,2005,2,9.0
tt0119365,2005,1,8.0
tt0217505,2005,1,7.0
tt0325980,2005,2,9.0
tt0356634,2005,2,6.0
tt0265086,2005,1,8.0
tt0105323,2005,2,6.0
tt0333766,2005,2,1.0
tt0383139,2005,1,10.0
tt0387564,2005,2,10.0
tt0120879,2005,2,10.0
tt0378194,2005,2,10.0
tt0368891,2005,1,10.0
tt0032138,2005,2,10.0
tt0382357,2005,1,4.0
tt0116409,2005,2,6.0
tt0259153,2005,1,5.0
tt0175526,2005,1,5.0
tt0129161,2005,1,10.0
tt0072826,2005,1,8.0
tt0339291,2005,1,9.0
tt0335266,2005,1,5.0
tt0088772,2005,1,1.0
tt0267913,2005,2,6.0
tt0340331,2005,2,5.0
tt0298814,2005,2,6.0
tt0091850,2005,2,7.0
tt0307453,2005,2,8.0
tt0259711,2005,2,10.0
tt0093873,2005,2,5.0
tt0290661,2005,2,1.0
tt0115742,2005,2,8.0
tt0370263,2005,1,8.0
tt0422093,2005,2,9.5
tt0209144,2005,2,9.0
tt0092513,2005,1,8.0
tt0346491,2005,1,5.666666666666667
tt0062479,2005,2,4.0
tt0120370,2005,1,7.0
tt0124198,2005,2,10.0
tt0274558,2005,2,8.0
tt0290010,2005,2,7.0
tt0120804,2005,1,4.5
tt0375063,2005,1,10.0
tt0377744,2005,1,2.0
tt0298814,2005,1,1.0
tt0303361,2005,2,3.0
tt0338294,2005,2,10.0
tt0155711,2005,2,1.0
tt0318627,2005,2,7.0
tt0120601,2005,1,8.0
tt0055822,2005,2,8.0
tt0125217,2005,2,6.0
tt0120263,2005,1,7.0
tt0142804,2005,1,3.0
tt0088199,2005,2,1.0
tt0109370,2005,1,10.0
tt0241243,2005,1,10.0
tt0387564,2005,1,3.0
tt0363473,2005,1,10.0
tt0114898,2005,2,5.0
tt0357277,2005,1,6.0
tt0071130,2005,1,10.0
tt0089629,2005,2,8.0
tt0175880,2005,2,9.0
tt0059017,2005,1,1.0
tt0333766,2005,1,10.0
tt0149937,2005,1,9.0
tt0092099,2005,1,6.0
tt0366174,2005,1,9.0
tt0118163,2005,1,10.0
tt0104522,2005,1,8.0
tt0356618,2005,1,10.0
tt0054333,2005,1,3.0
tt0092074,2005,1,5.0
tt0059183,2005,2,7.0
tt0257516,2005,2,8.5
tt0293508,2005,1,9.6
tt0289879,2005,1,8.0
tt0368008,2005,2,9.0
tt0120586,2005,2,9.0
tt0311289,2005,1,10.0
tt0099165,2005,2,4.0
tt0364120,2005,2,8.0
tt0268604,2005,2,8.0
tt0102034,2005,1,1.0
tt0368447,2005,2,9.0
tt0099653,2005,2,6.0
tt0097883,2005,1,1.0
tt0070854,2005,2,10.0
tt0308644,2005,1,10.0
tt0324216,2005,2,7.0
tt0119223,2005,2,4.0
tt0282163,2005,2,3.0
tt0048977,2005,2,3.0
tt0272338,2005,2,9.0
tt0080365,2005,1,5.0
tt0125022,2005,1,10.0
tt0360486,2005,2,6.142857142857143
tt0079808,2005,2,8.0
tt0275067,2005,1,4.0
tt0405159,2005,2,7.0
tt0134847,2005,1,6.0
tt0111175,2005,1,1.0
tt0316654,2005,2,3.0
tt0046435,2005,2,4.0
tt0037101,2005,1,8.0
tt0290002,2005,1,6.0
tt0356618,2005,2,2.0
tt0094077,2005,2,8.0
tt0381341,2005,2,7.0
tt0061683,2005,2,9.0
tt0040746,2005,2,8.0
tt0081470,2005,1,1.0
tt0265118,2005,2,5.0
tt0028691,2005,2,8.0
tt0061592,2005,1,3.0
tt0283426,2005,1,6.0
tt0093058,2005,2,9.0
tt0071230,2005,1,8.0
tt0115417,2005,1,10.0
tt0382077,2005,2,2.0
tt0303661,2005,1,10.0
tt0076816,2005,2,7.0
tt0083721,2005,2,7.0
tt0372588,2005,1,7.5
tt0151568,2005,1,10.0
tt0316732,2005,1,1.0
tt0268380,2005,2,8.0
tt0054698,2005,3,8.0
tt0162973,2005,2,10.0
tt0110442,2005,1,10.0
tt0116275,2005,1,8.0
tt0082971,2005,1,10.0
tt0112573,2005,1,10.0
tt0103874,2005,1,7.0
tt0031725,2005,1,9.0
tt0357179,2005,1,8.0
tt0315327,2005,1,2.5
tt0285742,2005,1,5.0
tt0109506,2005,2,10.0
tt0367714,2005,2,8.0
tt0147612,2005,2,1.0
tt0327162,2005,2,10.0
tt0293508,2005,2,9.5
tt0090062,2005,1,10.0
tt0052846,2005,1,2.0
tt0346293,2005,2,9.0
tt0335245,2005,1,10.0
tt0327056,2005,1,4.0
tt0211443,2005,2,4.0
tt0385004,2005,1,8.0
tt0064137,2005,2,7.0
tt0031381,2005,2,10.0
tt0295297,2005,2,8.0
tt0362270,2005,1,8.0
tt0108174,2005,1,10.0
tt0089489,2005,2,6.0
tt0088100,2005,1,1.0
tt0240510,2005,1,8.0
tt0329334,2005,1,1.0
tt0217505,2005,2,9.0
tt0128545,2005,1,10.0
tt0101846,2005,2,7.0
tt0318627,2005,1,10.0
tt0255477,2005,1,6.0
tt0178868,2005,1,10.0
tt0241025,2005,1,8.0
tt0054131,2005,1,9.0
tt0031208,2005,2,6.0
tt0190312,2005,2,4.0
tt0238546,2005,1,3.0
tt0218141,2005,2,8.0
tt0079802,2005,2,5.0
tt0114891,2005,1,9.0
tt0139927,2005,2,10.0
tt0063060,2005,1,9.0
tt0082533,2005,1,5.0
tt0275491,2005,2,9.0
tt0075343,2005,1,1.0
tt0083658,2005,1,9.0
tt0091544,2005,1,5.0
tt0012397,2005,2,10.0
tt0335266,2005,2,5.0
tt0047522,2005,2,10.0
tt0445929,2005,2,4.0
tt0130229,2005,2,9.0
tt0096895,2005,2,10.0
tt0085179,2005,2,9.0
tt0277790,2005,2,7.0
tt0094721,2005,1,8.0
tt0064072,2005,2,1.0
tt0088146,2005,2,8.0
tt0120738,2005,2,6.0
tt0345950,2005,2,10.0
tt0318649,2005,2,8.0
tt0102299,2005,2,7.0
tt0284674,2005,2,4.0
tt0374600,2005,2,10.0
tt0175880,2005,1,10.0
tt0367817,2005,2,2.0
tt0253474,2005,2,10.0
tt0374102,2005,2,7.0
tt0338096,2005,1,2.0
tt0031455,2005,3,8.0
tt0376541,2005,1,8.666666666666666
tt0329334,2005,2,4.0
tt0374900,2005,1,9.0
tt0426568,2005,1,7.0
tt0233115,2005,1,5.0
tt0365748,2005,1,9.0
tt0103873,2005,2,8.0
tt0327554,2005,2,2.0
tt0050976,2005,2,10.0
tt0356470,2005,2,3.5
tt0075261,2005,1,4.5
tt0090329,2005,2,6.0
tt0086250,2005,2,4.0
tt0358294,2005,1,4.0
tt0063105,2005,2,8.0
tt0082085,2005,2,5.0
tt0138094,2005,1,6.0
tt0372183,2005,2,9.0
tt0094361,2005,1,2.0
tt0296658,2005,1,9.0
tt0100665,2005,1,6.0
tt0071385,2005,1,1.0
tt0370263,2005,2,5.5
tt0395169,2005,1,8.0
tt0102603,2005,2,6.0
tt0120890,2005,1,9.0
tt0062622,2005,1,10.0
tt0338751,2005,1,6.5
tt0424430,2005,2,8.0
tt0116282,2005,2,10.0
tt0120884,2005,1,10.0
tt0096320,2005,1,10.0
tt0309986,2005,2,9.0
tt0204322,2005,2,1.0
tt0032285,2005,1,8.0
tt0110413,2005,1,10.0
tt0182789,2005,1,9.0
tt0111161,2005,2,10.0
tt0164983,2005,2,9.0
tt0118688,2005,1,3.0
tt0203078,2005,2,2.0
tt0080455,2005,1,10.0
tt0084796,2005,1,1.0
tt0158539,2005,1,7.0
tt0132213,2005,3,4.0
tt0213826,2005,2,10.0
tt0365677,2005,1,3.0
tt0375210,2005,1,2.0
tt0387887,2005,1,8.0
tt0096018,2005,2,8.0
tt0086960,2005,1,10.0
tt0118956,2005,2,1.0
tt0377066,2005,1,10.0
tt0062708,2005,1,5.0
tt0351977,2005,2,7.0
tt0349683,2005,1,3.0
tt0332452,2005,1,4.5
tt0091203,2005,1,9.0
tt0230512,2005,1,7.0
tt0284867,2005,1,2.0
tt0113680,2005,2,5.0
tt0103639,2005,2,7.0
tt0332831,2005,2,8.0
tt0101540,2005,2,8.0
tt0059740,2005,1,9.0
tt0182060,2005,2,10.0
tt0111281,2005,2,10.0
tt0113724,2005,1,7.0
tt0064175,2005,2,4.0
tt0368909,2005,3,10.0
tt0061512,2005,3,9.0
tt0375173,2005,1,7.0
tt0144249,2005,1,7.0
tt0102428,2005,2,9.0
tt0110776,2005,1,6.0
tt0147800,2005,2,9.0
tt0300556,2005,1,8.0
tt0034583,2005,1,10.0
tt0117913,2005,2,10.0
tt0401233,2005,1,4.0
tt0060672,2005,1,6.0
tt0349903,2005,1,9.5
tt0110638,2005,2,10.0
tt0414469,2005,2,9.0
tt0049223,2005,2,7.0
tt0396962,2005,1,10.0
tt0055821,2005,1,8.0
tt0250469,2005,2,7.0
tt0119910,2005,2,10.0
tt0299930,2005,1,3.0
tt0065207,2005,2,7.0
tt0311113,2005,2,9.0
tt0391198,2005,1,10.0
tt0307453,2005,1,7.0
tt0077687,2005,2,4.0
tt0274622,2005,2,10.0
tt0103644,2005,2,5.0
tt0083844,2005,2,10.0
tt0074486,2005,1,10.0
tt0119517,2005,1,8.0
tt0393162,2005,2,10.0
tt0337877,2005,2,1.0
tt0280477,2005,2,9.0
tt0086081,2005,1,9.0
tt0365957,2005,2,3.0
tt0280609,2005,1,2.0
tt0198781,2005,1,10.0
tt0373280,2005,2,3.0
tt0060196,2005,1,10.0
tt0308644,2005,2,10.0
tt0245574,2005,2,1.0
tt0062622,2005,2,9.0
tt0361127,2005,2,6.0
tt0318374,2005,2,8.0
tt0076843,2005,2,9.0
tt0325596,2005,1,8.5
tt0117247,2005,2,9.0
tt0086571,2005,2,8.0
tt0109446,2005,2,9.0
tt0385267,2005,1,9.0
tt0275719,2005,1,8.0
tt0089393,2005,2,8.0
tt0324033,2005,3,8.0
tt0067023,2005,1,8.5
tt0080934,2005,1,1.0
tt0319262,2005,2,10.0
tt0087514,2005,2,10.0
tt0107247,2005,1,10.0
tt0096895,2005,1,8.0
tt0167456,2005,1,9.0
tt0067659,2005,2,7.0
tt0361467,2005,2,3.0
tt0095327,2005,3,7.0
tt0086203,2005,1,10.0
tt0263488,2005,1,7.0
tt0185183,2005,2,4.0
tt0052357,2005,2,9.0
tt0339291,2005,2,6.0
tt0056876,2005,1,9.0
^CProcessed a total of 350 messages