ur1374273,2005,2,9.0
ur4593029,2005,1,8.0
ur1588706,2005,2,6.0
ur2035667,2005,1,10.0
ur1365769,2005,2,10.0
ur1601212,2005,1,8.0
ur2904081,2005,1,8.0
ur0745306,2005,1,6.0
ur2882544,2005,1,8.0
ur1710480,2005,2,10.0
ur1082071,2005,1,8.0
ur4886817,2005,2,8.0
ur2069364,2005,1,10.0
ur0418013,2005,2,7.0
ur2854818,2005,2,10.0
ur4886552,2005,2,10.0
ur4531500,2005,1,6.5
ur4887871,2005,2,10.0
ur4765937,2005,2,8.0
ur1532177,2005,2,5.4
ur0378273,2005,2,8.0
ur3595664,2005,1,10.0
ur4594740,2005,1,10.0
ur4594263,2005,1,10.0
ur0654641,2005,3,7.0
ur0139258,2005,1,7.666666666666667
ur4701442,2005,2,10.0
ur3301784,2005,2,10.0
ur2567136,2005,1,6.0
ur4887041,2005,2,10.0
ur1776912,2005,2,6.0
ur2759155,2005,1,8.0
ur2183556,2005,1,10.0
ur0826815,2005,2,9.0
ur3959862,2005,1,10.0
ur0375636,2005,1,7.0
ur3310554,2005,2,9.0
ur0018365,2005,1,5.333333333333333
ur4594830,2005,1,7.666666666666667
ur4593736,2005,1,9.0
ur4475122,2005,2,9.0
ur0218424,2005,2,7.0
ur1518804,2005,1,6.0
ur4593048,2005,1,10.0
ur2375356,2005,1,10.0
ur1647537,2005,1,9.0
ur1748066,2005,2,10.0
ur4594483,2005,1,10.0
ur4325948,2005,1,10.0
ur4582622,2005,1,10.0
ur2705247,2005,1,10.0
ur4595039,2005,1,9.0
ur2432172,2005,2,8.0
ur4887402,2005,2,8.0
ur3066329,2005,1,7.5
ur4547644,2005,1,10.0
ur4594973,2005,1,9.0
ur4592644,2005,1,10.0
ur2632044,2005,1,10.0
ur4827195,2005,2,10.0
ur1000879,2005,1,9.0
ur0144397,2005,2,10.0
ur4594181,2005,1,10.0
ur3492145,2005,2,8.0
ur4589592,2005,1,10.0
ur4884241,2005,2,10.0
ur4371033,2005,1,10.0
ur2694867,2005,1,5.5
ur1617546,2005,2,10.0
ur0746867,2005,2,7.0
ur1464855,2005,1,10.0
ur4589948,2005,1,10.0
ur2142695,2005,2,8.0
ur4888330,2005,3,10.0
ur4590573,2005,1,8.0
ur4887164,2005,2,10.0
ur3824745,2005,2,7.0
ur3174947,2005,1,7.454545454545454
ur0627424,2005,2,7.0
ur4886256,2005,2,7.0
ur1237695,2005,2,7.0
ur4593070,2005,1,9.0
ur3379318,2005,2,8.0
ur4593726,2005,1,9.0
ur4887415,2005,2,9.0
ur2983202,2005,1,10.0
ur2472494,2005,1,10.0
ur0521881,2005,1,6.0
ur2510939,2005,2,6.0
ur1552298,2005,1,8.0
ur0980825,2005,1,10.0
ur1771950,2005,1,9.0
ur2614772,2005,1,10.0
ur4593205,2005,1,10.0
ur4886639,2005,2,8.0
ur3867379,2005,2,10.0
ur1567691,2005,2,8.0
ur2082018,2005,1,9.0
ur0808507,2005,1,10.0
ur2087825,2005,2,9.0
ur2722549,2005,1,9.0
ur1332861,2005,2,10.0
ur4879617,2005,2,8.666666666666666
ur3571442,2005,2,7.0
ur4888460,2005,2,9.0
ur4887312,2005,2,7.0
ur3679103,2005,1,10.0
ur2488512,2005,1,8.666666666666666
ur4506876,2005,2,8.0
ur3446219,2005,1,8.25
ur4594210,2005,1,10.0
ur4595023,2005,1,8.0
ur4110200,2005,2,10.0
ur4092105,2005,2,9.0
ur4594430,2005,1,10.0
ur4849698,2005,2,10.0
ur3864781,2005,1,8.0
ur1994708,2005,2,9.0
ur4013711,2005,1,10.0
ur4862118,2005,2,9.0
ur0816433,2005,1,10.0
ur1744849,2005,1,8.0
ur4873103,2005,2,9.0
ur4887980,2005,2,9.0
ur3877341,2005,1,7.0
ur4887918,2005,2,8.5
ur4886572,2005,2,10.0
ur0200029,2005,1,6.0
ur3447130,2005,2,8.0
ur4888328,2005,2,6.0
ur2415124,2005,2,6.0
ur2100829,2005,2,10.0
ur1907398,2005,1,8.0
ur1609079,2005,2,7.5
ur4593124,2005,1,7.0
ur4594898,2005,1,10.0
ur4887638,2005,2,9.0
ur0285769,2005,2,6.0
ur4832677,2005,2,7.0
ur4594426,2005,1,10.0
ur1162550,2005,1,9.0
ur4777596,2005,2,10.0
ur4545306,2005,1,8.0
ur4790579,2005,3,9.0
ur4886735,2005,2,8.0
ur4886345,2005,2,10.0
ur2200096,2005,2,9.0
ur4887726,2005,2,10.0
ur4584306,2005,1,7.0
ur3635386,2005,2,6.5
ur3780035,2005,1,8.5
ur4495971,2005,2,7.0
ur2015372,2005,2,8.0
ur4887620,2005,2,7.5
ur4202413,2005,1,8.0
ur4544310,2005,2,8.0
ur1059963,2005,2,7.0
ur4003322,2005,2,9.0
ur4881670,2005,2,8.0
ur1619292,2005,2,10.0
ur4887366,2005,2,9.0
ur4794079,2005,3,8.0
ur4670962,2005,2,7.0
ur0446676,2005,2,7.5
ur4301468,2005,1,10.0
ur4594942,2005,1,10.0
ur1683802,2005,1,6.0
ur4872949,2005,2,10.0
ur0137898,2005,2,10.0
ur4115540,2005,1,7.0
ur4577233,2005,2,7.0
ur1683802,2005,2,7.0
ur2406697,2005,2,9.0
ur4594999,2005,1,10.0
ur1609501,2005,1,6.0
ur4887753,2005,2,10.0
ur2588093,2005,2,6.0
ur3697259,2005,2,8.0
ur2444068,2005,1,7.0
ur1355507,2005,1,6.0
ur2565316,2005,2,8.0
ur4150259,2005,1,10.0
ur4887539,2005,2,10.0
ur4246249,2005,1,10.0
ur1019294,2005,1,8.0
ur4886635,2005,2,6.8
ur4383606,2005,2,10.0
ur4542811,2005,1,10.0
ur4573174,2005,1,10.0
ur3800949,2005,1,9.0
ur4307736,2005,3,8.0
ur4887772,2005,2,8.0
ur2879195,2005,2,9.0
ur0137908,2005,1,8.0
ur3110787,2005,2,7.0
ur4886250,2005,2,6.0
ur4676781,2005,2,9.0
ur4886741,2005,2,8.0
ur4774684,2005,2,10.0
ur4883997,2005,2,10.0
ur4584029,2005,1,10.0
ur4888270,2005,2,9.0
ur4887156,2005,2,9.0
ur4593421,2005,1,10.0
ur2326544,2005,1,7.0
ur1130375,2005,2,9.0
ur4888087,2005,2,10.0
ur3408237,2005,2,10.0
ur4452141,2005,1,6.5
ur4318504,2005,1,7.0
ur0677266,2005,1,5.5
ur4879454,2005,2,9.0
ur1683855,2005,1,7.0
ur0731316,2005,1,10.0
ur4593101,2005,1,10.0
ur1070337,2005,2,10.0
ur4594746,2005,1,8.0
ur4887789,2005,2,9.0
ur4749646,2005,2,8.0
ur0940861,2005,1,9.0
ur1588993,2005,2,6.0
ur4111911,2005,2,8.0
ur2707735,2005,1,8.0
ur2444068,2005,2,9.0
ur4888146,2005,2,7.0
ur1123934,2005,1,6.0
ur3952894,2005,2,10.0
ur4066513,2005,1,7.0
ur4216299,2005,2,6.0
ur4887269,2005,2,7.0
ur1580268,2005,1,8.0
ur2449095,2005,1,5.5
ur2167190,2005,3,8.0
ur2666030,2005,1,10.0
ur3995914,2005,2,7.0
ur1779341,2005,2,8.0
ur4513109,2005,1,10.0
ur4111911,2005,1,10.0
ur4646557,2005,3,8.0
ur4813955,2005,2,7.5
ur3341647,2005,2,9.0
