tt0422093,28,2,2005
tt0075261,16,1,2005
tt0357277,16,1,2005
tt0349903,16,1,2005
tt0338751,16,1,2005
tt0067023,16,1,2005
tt0290002,16,1,2005
tt0325596,16,1,2005
tt0293508,16,1,2005
tt0293508,28,2,2005
tt0120804,16,1,2005
tt0375210,16,1,2005
tt0289879,16,1,2005
tt0257516,28,2,2005
tt0362270,16,1,2005
tt0086250,28,2,2005
tt0356618,16,1,2005
tt0315327,16,1,2005
tt0395169,16,1,2005
tt0332452,16,1,2005
tt0374900,16,1,2005
tt0346491,16,1,2005
tt0370263,28,2,2005
tt0376541,16,1,2005
tt0360486,28,2,2005
tt0382077,28,2,2005
tt0356470,28,2,2005
tt0333766,16,1,2005
tt0405159,28,2,2005
tt0092513,16,1,2005
tt0365748,16,1,2005
tt0372588,16,1,2005
